1 1 1 1 1 1 1 1 1 1 1 1 1 1 1 1 1 1 1 1 1 1 1 1
1 + + R 1 + + + R 0 0 0 0 0 0 0 0 0 0 0 0 0 0 1
1 + + R 1 + + + R 0 0 R 0 R 0 0 R 0 0 R 0 0 0 1
1 R R R R + + + R 0 0 0 0 R 0 1 R 0 0 0 0 0 0 1
1 1 1 R 1 1 1 1 1 1 1 1 1 1 0 1 0 0 0 0 0 0 0 1
1 0 0 0 0 0 0 1 0 0 0 0 R 1 R 1 0 R 0 0 0 0 0 1
1 R 0 0 0 R 0 R 0 R 0 0 0 R 0 1 0 0 0 R 0 0 0 1
1 1 1 1 1 1 1 1 0 0 1 1 1 1 0 1 0 R 0 0 0 0 0 1
1 R 0 0 0 0 0 1 0 0 1 0 0 R 0 0 R 0 0 0 R 0 R 1   
1 0 0 0 R 0 0 1 0 0 0 0 0 0 0 0 0 R 0 0 0 0 0 1
1 R 0 0 0 0 0 1 1 1 1 1 0 1 1 1 0 1 1 1 1 0 0 1
1 0 0 0 R 0 0 R 0 0 R 0 0 1 0 0 0 0 0 0 0 R 0 1
1 0 R 0 0 0 0 0 0 0 0 0 R 1 0 0 R R 0 0 0 0 0 1
1 1 1 R 1 0 R 0 0 R 0 0 0 1 R 1 1 0 0 0 0 R 0 1
1 1 0 0 1 0 0 0 0 0 0 0 0 R 0 0 0 0 R 0 0 0 0 1
1 0 0 0 1 1 1 1 1 1 1 1 1 1 1 1 1 1 1 1 1 1 1 1
1 0 0 R 1 0 0 0 R R 0 0 0 R 0 0 R 0 0 R 0 0 0 1
1 R 0 0 1 0 R 0 0 0 0 R 0 1 1 1 1 1 1 1 1 1 R 1
1 0 0 0 1 0 0 0 0 R 0 0 0 1 0 0 R 0 0 0 R 0 0 1
1 0 0 0 R 0 0 0 R 0 0 0 0 1 R 1 1 1 1 1 1 1 1 1
1 R 0 0 1 0 R 0 0 0 0 0 0 1 0 0 0 R 0 0 0 0 0 1
1 0 0 R 1 1 1 1 1 1 1 1 1 1 1 1 1 1 1 1 1 1 1 1
1 0 0 0 1 0 0 0 0 0 0 0 + 0 0 0 0 1 1 1 1 1 1 1
1 0 R 0 1 R 0 0 0 R R 0 0 0 0 0 0 1 1 1 1 1 1 1 
1 1 1 R 1 1 1 1 R 1 1 1 1 1 R 1 0 1 1 1 1 1 1 1 
1 0 0 0 0 R 0 1 0 0 0 0 0 1 0 1 0 1 1 1 1 1 1 1 
1 R 0 0 R 0 0 R 0 R 0 0 0 R 0 1 R 1 1 1 1 1 1 1 
1 1 1 1 1 1 1 1 0 0 1 1 1 1 R 1 0 1 1 1 1 1 1 1 
1 R 0 0 0 0 0 1 0 0 1 0 0 0 0 R 0 1 1 1 1 1 1 1    
1 0 0 0 R 0 0 1 R 0 0 0 R 0 0 0 0 1 1 1 1 1 1 1 
1 R 0 0 0 0 0 1 0 0 R 0 0 0 R 0 R 1 1 1 1 1 1 1 
1 0 0 R 0 0 0 R 0 0 R 0 0 0 0 0 0 1 1 1 1 1 1 1 
1 1 1 R 1 0 0 0 R 0 0 0 0 1 R 1 1 1 1 1 1 1 1 1
1 0 0 g R 0 0 0 0 0 R 0 0 R g 0 0 1 1 1 1 1 1 1
1 0 0 0 1 R 0 R 0 0 0 0 R 1 0 0 0 1 1 1 1 1 1 1 
1 1 1 1 1 1 1 1 1 1 1 1 1 1 1 1 1 1 1 1 1 1 1 1 
